[
[({'[[[5,[2,8]],4],[5,[[9,9],0]]]', '[6,[[[6,2],[5,6]],[[7,6],[4,7]]]]'), '[[[[7,0],[6,6]],[[7,7],[0,9]]],[[6,[6,6]],[[7,0],[8,9]]]]', 3009], 
[({'[[[5,[2,8]],4],[5,[[9,9],0]]]', '[[[6,[0,7]],[0,9]],[4,[9,[9,0]]]]'), '[[[[7,0],[6,6]],[[7,7],[0,9]]],[[[6,0],[7,9]],[[6,7],[0,9]]]]', 3273], 
[({'[[[5,[2,8]],4],[5,[[9,9],0]]]', '[[[7,[6,4]],[3,[1,3]]],[[[5,5],1],9]]'), '[[[[7,0],[6,6]],[[7,7],[7,0]]],[[[8,7],[8,8]],[[0,6],9]]]', 3369], 
[({'[[[5,[2,8]],4],[5,[[9,9],0]]]', '[[6,[[7,3],[3,2]]],[[[3,8],[5,7]],4]]'), '[[[[7,0],[6,6]],[[7,7],[7,0]]],[[[8,6],[6,6]],[[6,7],[5,6]]]]', 3597], 
[({'[[[5,[2,8]],4],[5,[[9,9],0]]]', '[[[[5,4],[7,7]],8],[[8,3],8]]'), '[[[[7,0],[6,6]],[[7,7],[7,9]]],[[[0,9],[7,8]],[[8,3],8]]]', 3397], 
[({'[[[5,[2,8]],4],[5,[[9,9],0]]]', '[[9,3],[[9,9],[6,[4,9]]]]'), '[[[[7,0],[6,6]],[[7,7],[0,9]]],[[9,[5,6]],[[0,8],[7,5]]]]', 2879], 
[({'[[[5,[2,8]],4],[5,[[9,9],0]]]', '[[2,[[7,7],7]],[[5,8],[[9,3],[0,2]]]]'), '[[[[7,0],[6,6]],[[7,7],[0,9]]],[[[7,8],[6,0]],[[6,6],[7,8]]]]', 3491], 
[({'[[[5,[2,8]],4],[5,[[9,9],0]]]', '[[[[5,2],5],[8,[3,7]]],[[5,[7,5]],[4,4]]]'), '[[[[7,0],[6,6]],[[7,7],[7,6]]],[[[6,6],[7,6]],[[0,7],[7,6]]]]', 3501], 

[({{'[6,[[[6,2],[5,6]],[[7,6],[4,7]]]]', '[[[5,[2,8]],4],[5,[[9,9],0]]]'), '[[[6,[6,6]],[[7,8],[0,8]]],[[[8,7],[6,6]],[[7,7],[0,9]]]]', 3168], 
[({'[6,[[[6,2],[5,6]],[[7,6],[4,7]]]]', '[[[6,[0,7]],[0,9]],[4,[9,[9,0]]]]'), '[[[6,[6,6]],[[7,7],[0,8]]],[[[8,7],[7,9]],[[6,7],[0,9]]]]', 3204], 
[({'[6,[[[6,2],[5,6]],[[7,6],[4,7]]]]', '[[[7,[6,4]],[3,[1,3]]],[[[5,5],1],9]]'), '[[[6,[6,6]],[[7,8],[7,7]]],[[[7,8],[0,8]],[[8,6],9]]]', 3150], 
[({'[6,[[[6,2],[5,6]],[[7,6],[4,7]]]]', '[[6,[[7,3],[3,2]]],[[[3,8],[5,7]],4]]'), '[[[6,[6,6]],[[7,7],[7,7]]],[[[7,7],[7,0]],[[7,7],[8,8]]]]', 3374], 
[({'[6,[[[6,2],[5,6]],[[7,6],[4,7]]]]', '[[[[5,4],[7,7]],8],[[8,3],8]]'), '[[[[6,6],[6,6]],[[6,6],[6,7]]],[[[0,7],[7,7]],[[8,7],[7,7]]]]', 3682], 
[({'[6,[[[6,2],[5,6]],[[7,6],[4,7]]]]', '[[9,3],[[9,9],[6,[4,9]]]]'), '[[[6,[6,6]],[[7,0],[8,9]]],[[[8,8],[5,6]],[[0,8],[7,5]]]]', 3068], 
[({'[6,[[[6,2],[5,6]],[[7,6],[4,7]]]]', '[[2,[[7,7],7]],[[5,8],[[9,3],[0,2]]]]'), '[[[6,[6,6]],[[7,8],[7,0]]],[[[8,8],[7,7]],[[6,6],[7,8]]]]', 3416], 
[({'[6,[[[6,2],[5,6]],[[7,6],[4,7]]]]', '[[[[5,2],5],[8,[3,7]]],[[5,[7,5]],[4,4]]]'), '[[[6,[6,6]],[[7,9],[7,6]]],[[[8,8],[8,7]],[[7,0],[7,6]]]]', 3492], 
[({'[[[6,[0,7]],[0,9]],[4,[9,[9,0]]]]', '[[[5,[2,8]],4],[5,[[9,9],0]]]'), '[[[[6,0],[7,9]],[[6,7],[0,9]]],[[[7,0],[6,6]],[[7,7],[0,9]]]]', 3282], 
[({'[[[6,[0,7]],[0,9]],[4,[9,[9,0]]]]', '[6,[[[6,2],[5,6]],[[7,6],[4,7]]]]'), '[[[[6,0],[7,9]],[[6,7],[0,9]]],[[6,[6,6]],[[7,0],[8,9]]]]', 3036], 
[({'[[[6,[0,7]],[0,9]],[4,[9,[9,0]]]]', '[[[7,[6,4]],[3,[1,3]]],[[[5,5],1],9]]'), '[[[[6,0],[7,9]],[[6,7],[7,0]]],[[[8,7],[8,8]],[[0,6],9]]]', 3396], 
[({'[[[6,[0,7]],[0,9]],[4,[9,[9,0]]]]', '[[6,[[7,3],[3,2]]],[[[3,8],[5,7]],4]]'), '[[[[6,0],[7,9]],[[6,7],[7,0]]],[[[8,6],[6,6]],[[6,7],[5,6]]]]', 3624], 
[({'[[[6,[0,7]],[0,9]],[4,[9,[9,0]]]]', '[[[[5,4],[7,7]],8],[[8,3],8]]'), '[[[[6,0],[7,9]],[[6,7],[7,9]]],[[[0,9],[7,8]],[[8,3],8]]]', 3424], 
[({'[[[6,[0,7]],[0,9]],[4,[9,[9,0]]]]', '[[9,3],[[9,9],[6,[4,9]]]]'), '[[[[6,0],[7,9]],[[6,7],[0,9]]],[[9,[5,6]],[[0,8],[7,5]]]]', 2906], 
[({'[[[6,[0,7]],[0,9]],[4,[9,[9,0]]]]', '[[2,[[7,7],7]],[[5,8],[[9,3],[0,2]]]]'), '[[[[6,0],[7,9]],[[6,7],[0,9]]],[[[7,8],[6,0]],[[6,6],[7,8]]]]', 3518], 
[({'[[[6,[0,7]],[0,9]],[4,[9,[9,0]]]]', '[[[[5,2],5],[8,[3,7]]],[[5,[7,5]],[4,4]]]'), '[[[[6,0],[7,9]],[[6,7],[7,6]]],[[[6,6],[7,6]],[[0,7],[7,6]]]]', 3528], 
[({'[[[7,[6,4]],[3,[1,3]]],[[[5,5],1],9]]', '[[[5,[2,8]],4],[5,[[9,9],0]]]'), '[[[[0,7],[8,8]],[[0,6],9]],[[[7,0],[6,6]],[[7,7],[0,9]]]]', 2724], 
[({'[[[7,[6,4]],[3,[1,3]]],[[[5,5],1],9]]', '[6,[[[6,2],[5,6]],[[7,6],[4,7]]]]'), '[[[[0,7],[8,8]],[[0,6],9]],[[6,[6,6]],[[7,0],[8,9]]]]', 2478], 
[({'[[[7,[6,4]],[3,[1,3]]],[[[5,5],1],9]]', '[[[6,[0,7]],[0,9]],[4,[9,[9,0]]]]'), '[[[[0,7],[8,8]],[[0,6],9]],[[[6,0],[7,9]],[[6,7],[0,9]]]]', 2742], 
[({'[[[7,[6,4]],[3,[1,3]]],[[[5,5],1],9]]', '[[6,[[7,3],[3,2]]],[[[3,8],[5,7]],4]]'), '[[[[0,7],[8,8]],[[0,6],[7,8]]],[[[0,6],[6,6]],[[6,7],[5,6]]]]', 2934], 
[({'[[[7,[6,4]],[3,[1,3]]],[[[5,5],1],9]]', '[[[[5,4],[7,7]],8],[[8,3],8]]'), '[[[[0,7],[8,8]],[[6,0],[6,7]]],[[[6,6],[7,8]],[[8,3],8]]]', 3214], 
[({'[[[7,[6,4]],[3,[1,3]]],[[[5,5],1],9]]', '[[9,3],[[9,9],[6,[4,9]]]]'), '[[[[0,7],[8,8]],[[0,6],9]],[[9,[5,6]],[[0,8],[7,5]]]]', 2348], 
[({'[[[7,[6,4]],[3,[1,3]]],[[[5,5],1],9]]', '[[2,[[7,7],7]],[[5,8],[[9,3],[0,2]]]]'), '[[[[0,7],[8,8]],[[0,6],9]],[[[7,8],[6,0]],[[6,6],[7,8]]]]', 2960], 
[({'[[[7,[6,4]],[3,[1,3]]],[[[5,5],1],9]]', '[[[[5,2],5],[8,[3,7]]],[[5,[7,5]],[4,4]]]'), '[[[[0,7],[8,8]],[[0,6],[7,7]]],[[[6,6],[6,7]],[[6,0],[7,6]]]]', 3138], 
[({'[[6,[[7,3],[3,2]]],[[[3,8],[5,7]],4]]', '[[[5,[2,8]],4],[5,[[9,9],0]]]'), '[[[[0,6],[6,6]],[[6,7],[5,6]]],[[[7,0],[6,6]],[[7,7],[0,9]]]]', 3066], 
[({'[[6,[[7,3],[3,2]]],[[[3,8],[5,7]],4]]', '[6,[[[6,2],[5,6]],[[7,6],[4,7]]]]'), '[[[[0,6],[6,6]],[[6,7],[5,6]]],[[6,[6,6]],[[7,0],[8,9]]]]', 2820], 
[({'[[6,[[7,3],[3,2]]],[[[3,8],[5,7]],4]]', '[[[6,[0,7]],[0,9]],[4,[9,[9,0]]]]'), '[[[[0,6],[6,6]],[[6,7],[5,6]]],[[[6,0],[7,9]],[[6,7],[0,9]]]]', 3084], 
[({'[[6,[[7,3],[3,2]]],[[[3,8],[5,7]],4]]', '[[[7,[6,4]],[3,[1,3]]],[[[5,5],1],9]]'), '[[[[6,0],[6,6]],[[6,6],[6,6]]],[[[6,7],[8,8]],[[0,6],9]]]', 3198], 
[({'[[6,[[7,3],[3,2]]],[[[3,8],[5,7]],4]]', '[[[[5,4],[7,7]],8],[[8,3],8]]'), '[[[[6,0],[6,6]],[[6,7],[7,7]]],[[[7,6],[7,8]],[[8,3],8]]]', 3484], 
[({'[[6,[[7,3],[3,2]]],[[[3,8],[5,7]],4]]', '[[9,3],[[9,9],[6,[4,9]]]]'), '[[[[0,6],[6,6]],[[6,7],[5,6]]],[[9,[5,6]],[[0,8],[7,5]]]]', 2690], 
[({'[[6,[[7,3],[3,2]]],[[[3,8],[5,7]],4]]', '[[2,[[7,7],7]],[[5,8],[[9,3],[0,2]]]]'), '[[[[0,6],[6,6]],[[6,7],[5,6]]],[[[7,8],[6,0]],[[6,6],[7,8]]]]', 3302], 
[({'[[6,[[7,3],[3,2]]],[[[3,8],[5,7]],4]]', '[[[[5,2],5],[8,[3,7]]],[[5,[7,5]],[4,4]]]'), '[[[[0,6],[6,6]],[[6,7],[8,8]]],[[[6,6],[6,7]],[[6,0],[7,6]]]]', 3324], 
[({'[[[[5,4],[7,7]],8],[[8,3],8]]', '[[[5,[2,8]],4],[5,[[9,9],0]]]'), '[[[[0,6],[7,8]],[[8,3],8]],[[[7,0],[6,6]],[[7,7],[0,9]]]]', 2928], 
[({'[[[[5,4],[7,7]],8],[[8,3],8]]', '[6,[[[6,2],[5,6]],[[7,6],[4,7]]]]'), '[[[[0,6],[7,8]],[[8,3],8]],[[6,[6,6]],[[7,0],[8,9]]]]', 2682], 
[({'[[[[5,4],[7,7]],8],[[8,3],8]]', '[[[6,[0,7]],[0,9]],[4,[9,[9,0]]]]'), '[[[[0,6],[7,8]],[[8,3],8]],[[[6,0],[7,9]],[[6,7],[0,9]]]]', 2946], 
[({'[[[[5,4],[7,7]],8],[[8,3],8]]', '[[[7,[6,4]],[3,[1,3]]],[[[5,5],1],9]]'), '[[[[0,6],[7,8]],[[8,3],[7,7]]],[[[0,7],[8,8]],[[0,6],9]]]', 2898], 
[({'[[[[5,4],[7,7]],8],[[8,3],8]]', '[[6,[[7,3],[3,2]]],[[[3,8],[5,7]],4]]'), '[[[[0,6],[7,8]],[[8,3],[7,7]]],[[[0,6],[6,6]],[[6,7],[5,6]]]]', 3126], 
[({'[[[[5,4],[7,7]],8],[[8,3],8]]', '[[9,3],[[9,9],[6,[4,9]]]]'), '[[[[0,6],[7,8]],[[8,3],8]],[[9,[5,6]],[[0,8],[7,5]]]]', 2552], 
[({'[[[[5,4],[7,7]],8],[[8,3],8]]', '[[2,[[7,7],7]],[[5,8],[[9,3],[0,2]]]]'), '[[[[0,6],[7,8]],[[8,3],8]],[[[7,8],[6,0]],[[6,6],[7,8]]]]', 3164], 
[({'[[[[5,4],[7,7]],8],[[8,3],8]]', '[[[[5,2],5],[8,[3,7]]],[[5,[7,5]],[4,4]]]'), '[[[[0,6],[7,8]],[[8,3],[6,7]]],[[[6,6],[6,7]],[[6,0],[7,6]]]]', 3318], 
[({'[[9,3],[[9,9],[6,[4,9]]]]', '[[[5,[2,8]],4],[5,[[9,9],0]]]'), '[[[9,[5,6]],[[7,0],[7,7]]],[[[7,8],[6,6]],[[7,7],[0,9]]]]', 3117], 
[({'[[9,3],[[9,9],[6,[4,9]]]]', '[6,[[[6,2],[5,6]],[[7,6],[4,7]]]]'), '[[[9,[5,6]],[[7,6],[0,6]]],[[[6,5],[5,6]],[[6,7],[8,9]]]]', 3015], 
[({'[[9,3],[[9,9],[6,[4,9]]]]', '[[[6,[0,7]],[0,9]],[4,[9,[9,0]]]]'), '[[[9,[5,6]],[[7,0],[7,7]]],[[[6,8],[7,9]],[[6,7],[0,9]]]]', 3135], 
[({'[[9,3],[[9,9],[6,[4,9]]]]', '[[[7,[6,4]],[3,[1,3]]],[[[5,5],1],9]]'), '[[[9,[5,6]],[[7,7],[7,7]]],[[[0,8],[7,7]],[[8,6],9]]]', 2991], 
[({'[[9,3],[[9,9],[6,[4,9]]]]', '[[6,[[7,3],[3,2]]],[[[3,8],[5,7]],4]]'), '[[[9,[5,6]],[[7,6],[6,6]]],[[[7,7],[0,7]],[[8,7],[8,8]]]]', 3257], 
[({'[[9,3],[[9,9],[6,[4,9]]]]', '[[[[5,4],[7,7]],8],[[8,3],8]]'), '[[[9,[5,6]],[[8,8],[8,7]]],[[[7,7],[6,0]],[[7,7],[7,7]]]]', 3451], 
[({'[[9,3],[[9,9],[6,[4,9]]]]', '[[2,[[7,7],7]],[[5,8],[[9,3],[0,2]]]]'), '[[[9,[5,6]],[[7,7],[0,7]]],[[[7,7],[8,7]],[[6,6],[7,8]]]]', 3269], 
[({'[[9,3],[[9,9],[6,[4,9]]]]', '[[[[5,2],5],[8,[3,7]]],[[5,[7,5]],[4,4]]]'), '[[[9,[5,6]],[[8,7],[6,7]]],[[[7,8],[7,7]],[[0,8],[7,6]]]]', 3339], 
[({'[[2,[[7,7],7]],[[5,8],[[9,3],[0,2]]]]', '[[[5,[2,8]],4],[5,[[9,9],0]]]'), '[[[[7,8],[6,0]],[[6,6],[7,8]]],[[[9,0],[6,6]],[[7,7],[0,9]]]]', 3717], 
[({'[[2,[[7,7],7]],[[5,8],[[9,3],[0,2]]]]', '[6,[[[6,2],[5,6]],[[7,6],[4,7]]]]'), '[[[[7,8],[6,0]],[[6,6],[7,8]]],[[7,[6,7]],[[7,0],[8,9]]]]', 3405], 
[({'[[2,[[7,7],7]],[[5,8],[[9,3],[0,2]]]]', '[[[6,[0,7]],[0,9]],[4,[9,[9,0]]]]'), '[[[[7,8],[6,0]],[[6,6],[7,8]]],[[[8,0],[7,9]],[[6,7],[0,9]]]]', 3735], 
[({'[[2,[[7,7],7]],[[5,8],[[9,3],[0,2]]]]', '[[[7,[6,4]],[3,[1,3]]],[[[5,5],1],9]]'), '[[[[7,8],[6,6]],[[0,6],[7,7]]],[[[8,8],[8,8]],[[0,6],9]]]', 3591], 
[({'[[2,[[7,7],7]],[[5,8],[[9,3],[0,2]]]]', '[[6,[[7,3],[3,2]]],[[[3,8],[5,7]],4]]'), '[[[[7,8],[6,6]],[[0,6],[7,7]]],[[[7,7],[7,6]],[[6,7],[5,6]]]]', 3801], 
[({'[[2,[[7,7],7]],[[5,8],[[9,3],[0,2]]]]', '[[[[5,4],[7,7]],8],[[8,3],8]]'), '[[[[7,8],[6,6]],[[6,7],[6,6]]],[[[7,6],[0,7]],[[7,7],[7,7]]]]', 3937], 
[({'[[2,[[7,7],7]],[[5,8],[[9,3],[0,2]]]]', '[[9,3],[[9,9],[6,[4,9]]]]'), '[[[[7,8],[6,0]],[[6,6],[7,8]]],[[[5,6],[5,6]],[[0,8],[7,5]]]]', 3557], 
[({'[[2,[[7,7],7]],[[5,8],[[9,3],[0,2]]]]', '[[[[5,2],5],[8,[3,7]]],[[5,[7,5]],[4,4]]]'), '[[[[7,8],[6,6]],[[6,6],[6,7]]],[[[6,0],[7,7]],[[7,7],[7,6]]]]', 3891], 
[({'[[[[5,2],5],[8,[3,7]]],[[5,[7,5]],[4,4]]]', '[[[5,[2,8]],4],[5,[[9,9],0]]]'), '[[[[6,6],[6,7]],[[6,6],[0,7]]],[[[6,7],[6,6]],[[7,7],[0,9]]]]', 3594], 
[({'[[[[5,2],5],[8,[3,7]]],[[5,[7,5]],[4,4]]]', '[6,[[[6,2],[5,6]],[[7,6],[4,7]]]]'), '[[[[6,6],[6,7]],[[6,0],[7,6]]],[[9,[7,8]],[[7,0],[8,9]]]]', 3300], 
[({'[[[[5,2],5],[8,[3,7]]],[[5,[7,5]],[4,4]]]', '[[[6,[0,7]],[0,9]],[4,[9,[9,0]]]]'), '[[[[6,6],[6,7]],[[6,6],[0,7]]],[[[6,6],[7,9]],[[6,7],[0,9]]]]', 3630], 
[({'[[[[5,2],5],[8,[3,7]]],[[5,[7,5]],[4,4]]]', '[[[7,[6,4]],[3,[1,3]]],[[[5,5],1],9]]'), '[[[[6,6],[6,7]],[[6,7],[6,6]]],[[[7,0],[7,7]],[[8,6],9]]]', 3624], 
[({'[[[[5,2],5],[8,[3,7]]],[[5,[7,5]],[4,4]]]', '[[6,[[7,3],[3,2]]],[[[3,8],[5,7]],4]]'), '[[[[6,6],[6,7]],[[6,6],[6,6]]],[[[6,6],[0,7]],[[7,7],[8,8]]]]', 3734], 
[({'[[[[5,2],5],[8,[3,7]]],[[5,[7,5]],[4,4]]]', '[[[[5,4],[7,7]],8],[[8,3],8]]'), '[[[[6,6],[6,7]],[[7,7],[7,7]]],[[[6,7],[6,0]],[[7,7],[7,7]]]]', 3928], 
[({'[[[[5,2],5],[8,[3,7]]],[[5,[7,5]],[4,4]]]', '[[9,3],[[9,9],[6,[4,9]]]]'), '[[[[6,6],[6,7]],[[6,0],[7,6]]],[[[7,8],[5,6]],[[0,8],[7,5]]]]', 3536], 
[({'[[[[5,2],5],[8,[3,7]]],[[5,[7,5]],[4,4]]]', '[[2,[[7,7],7]],[[5,8],[[9,3],[0,2]]]]'), '[[[[6,6],[6,7]],[[6,6],[6,0]]],[[[7,7],[7,7]],[[6,6],[7,8]]]]', 3848]]