

[[[0,[4,5]],[0,0]],[[[4,5],[2,6]],[9,5]]]
+ [7,[[[3,7],[4,3]],[[6,3],[8,8]]]]
= [[[[4,0],[5,4]],[[7,7],[6,0]]],[[8,[7,7]],[[7,9],[5,0]]]]

process [[[[0,[4,5]],[0,0]],[[[4,5],[2,6]],[9,5]]],[7,[[[3,7],[4,3]],[[6,3],[8,8]]]]]
  exploding at pos 7 nums 4 5 pos 0 3
  new left: [[[[4,  new right: ],[5,0]],[[[4,5],[2,6]],[9,5]]],[7,[[[3,7],[4,3]],[[6,3],[8,8]]]]]
[[[[4,0],[5,0]],[[[4,5],[2,6]],[9,5]]],[7,[[[3,7],[4,3]],[[6,3],[8,8]]]]]

process [[[[4,0],[5,0]],[[[4,5],[2,6]],[9,5]]],[7,[[[3,7],[4,3]],[[6,3],[8,8]]]]]
  exploding at pos 19 nums 4 5 pos 0 3
  new left: [[[[4,0],[5,4]],[[  new right: ,[7,6]],[9,5]]],[7,[[[3,7],[4,3]],[[6,3],[8,8]]]]]
[[[[4,0],[5,4]],[[0,[7,6]],[9,5]]],[7,[[[3,7],[4,3]],[[6,3],[8,8]]]]]

process [[[[4,0],[5,4]],[[0,[7,6]],[9,5]]],[7,[[[3,7],[4,3]],[[6,3],[8,8]]]]]
  exploding at pos 21 nums 7 6 pos 0 3
  new left: [[[[4,0],[5,4]],[[7,  new right: ],[15,5]]],[7,[[[3,7],[4,3]],[[6,3],[8,8]]]]]
[[[[4,0],[5,4]],[[7,0],[15,5]]],[7,[[[3,7],[4,3]],[[6,3],[8,8]]]]]

process [[[[4,0],[5,4]],[[7,0],[15,5]]],[7,[[[3,7],[4,3]],[[6,3],[8,8]]]]]
  exploding at pos 38 nums 3 7 pos 0 3
  new left: [[[[4,0],[5,4]],[[7,0],[15,5]]],[10,[[  new right: ,[11,3]],[[6,3],[8,8]]]]]
[[[[4,0],[5,4]],[[7,0],[15,5]]],[10,[[0,[11,3]],[[6,3],[8,8]]]]]

process [[[[4,0],[5,4]],[[7,0],[15,5]]],[10,[[0,[11,3]],[[6,3],[8,8]]]]]
  exploding at pos 41 nums 11 3 pos 0 4
  new left: [[[[4,0],[5,4]],[[7,0],[15,5]]],[10,[[11,  new right: ],[[9,3],[8,8]]]]]
[[[[4,0],[5,4]],[[7,0],[15,5]]],[10,[[11,0],[[9,3],[8,8]]]]]

process [[[[4,0],[5,4]],[[7,0],[15,5]]],[10,[[11,0],[[9,3],[8,8]]]]]
  exploding at pos 46 nums 9 3 pos 0 3
  new left: [[[[4,0],[5,4]],[[7,0],[15,5]]],[10,[[11,9],[  new right: ,[11,8]]]]]
[[[[4,0],[5,4]],[[7,0],[15,5]]],[10,[[11,9],[0,[11,8]]]]]

process [[[[4,0],[5,4]],[[7,0],[15,5]]],[10,[[11,9],[0,[11,8]]]]]
  exploding at pos 48 nums 11 8 pos 0 4
  new left: [[[[4,0],[5,4]],[[7,0],[15,5]]],[10,[[11,9],[11,  new right: ]]]]
[[[[4,0],[5,4]],[[7,0],[15,5]]],[10,[[11,9],[11,0]]]]

process [[[[4,0],[5,4]],[[7,0],[15,5]]],[10,[[11,9],[11,0]]]]
  splitting 15
[[[[4,0],[5,4]],[[7,0],[[7,8],5]]],[10,[[11,9],[11,0]]]]

process [[[[4,0],[5,4]],[[7,0],[[7,8],5]]],[10,[[11,9],[11,0]]]]
  exploding at pos 25 nums 7 8 pos 0 3
  new left: [[[[4,0],[5,4]],[[7,7],[  new right: ,13]]],[10,[[11,9],[11,0]]]]
[[[[4,0],[5,4]],[[7,7],[0,13]]],[10,[[11,9],[11,0]]]]

process [[[[4,0],[5,4]],[[7,7],[0,13]]],[10,[[11,9],[11,0]]]]
  splitting 13
[[[[4,0],[5,4]],[[7,7],[0,[6,7]]]],[10,[[11,9],[11,0]]]]

process [[[[4,0],[5,4]],[[7,7],[0,[6,7]]]],[10,[[11,9],[11,0]]]]
  exploding at pos 27 nums 6 7 pos 0 3
  new left: [[[[4,0],[5,4]],[[7,7],[6,  new right: ]]],[17,[[11,9],[11,0]]]]
[[[[4,0],[5,4]],[[7,7],[6,0]]],[17,[[11,9],[11,0]]]]

process [[[[4,0],[5,4]],[[7,7],[6,0]]],[17,[[11,9],[11,0]]]]
  splitting 17
[[[[4,0],[5,4]],[[7,7],[6,0]]],[[8,9],[[11,9],[11,0]]]]

process [[[[4,0],[5,4]],[[7,7],[6,0]]],[[8,9],[[11,9],[11,0]]]]
  splitting 11
[[[[4,0],[5,4]],[[7,7],[6,0]]],[[8,9],[[[5,6],9],[11,0]]]]

process [[[[4,0],[5,4]],[[7,7],[6,0]]],[[8,9],[[[5,6],9],[11,0]]]]
  exploding at pos 41 nums 5 6 pos 0 3
  new left: [[[[4,0],[5,4]],[[7,7],[6,0]]],[[8,14],[[  new right: ,15],[11,0]]]]
[[[[4,0],[5,4]],[[7,7],[6,0]]],[[8,14],[[0,15],[11,0]]]]

process [[[[4,0],[5,4]],[[7,7],[6,0]]],[[8,14],[[0,15],[11,0]]]]
  splitting 14
[[[[4,0],[5,4]],[[7,7],[6,0]]],[[8,[7,7]],[[0,15],[11,0]]]]

process [[[[4,0],[5,4]],[[7,7],[6,0]]],[[8,[7,7]],[[0,15],[11,0]]]]
  splitting 15
[[[[4,0],[5,4]],[[7,7],[6,0]]],[[8,[7,7]],[[0,[7,8]],[11,0]]]]

process [[[[4,0],[5,4]],[[7,7],[6,0]]],[[8,[7,7]],[[0,[7,8]],[11,0]]]]
  exploding at pos 47 nums 7 8 pos 0 3
  new left: [[[[4,0],[5,4]],[[7,7],[6,0]]],[[8,[7,7]],[[7,  new right: ],[19,0]]]]
[[[[4,0],[5,4]],[[7,7],[6,0]]],[[8,[7,7]],[[7,0],[19,0]]]]

process [[[[4,0],[5,4]],[[7,7],[6,0]]],[[8,[7,7]],[[7,0],[19,0]]]]
  splitting 19
[[[[4,0],[5,4]],[[7,7],[6,0]]],[[8,[7,7]],[[7,0],[[9,10],0]]]]

process [[[[4,0],[5,4]],[[7,7],[6,0]]],[[8,[7,7]],[[7,0],[[9,10],0]]]]
  exploding at pos 51 nums 9 10 pos 0 4
  new left: [[[[4,0],[5,4]],[[7,7],[6,0]]],[[8,[7,7]],[[7,9],[  new right: ,10]]]]
[[[[4,0],[5,4]],[[7,7],[6,0]]],[[8,[7,7]],[[7,9],[0,10]]]]

process [[[[4,0],[5,4]],[[7,7],[6,0]]],[[8,[7,7]],[[7,9],[0,10]]]]
  splitting 10
[[[[4,0],[5,4]],[[7,7],[6,0]]],[[8,[7,7]],[[7,9],[0,[5,5]]]]]
 >>>> end 0   [[[[4,0],[5,4]],[[7,7],[6,0]]],[[8,[7,7]],[[7,9],[0,[5,5]]]]]

ANSWER

[[[[4,0],[5,4]],[[7,7],[6,0]]],[[8,[7,7]],[[7,9],[0,[5,5]]]]]
########## AD HOC ###########
alex@Lenovo-White-Z50:~/DEVELOPMENT/advent_of_code$  cd /home/alex/DEVELOPMENT/advent_of_code ; /usr/bin/env /bin/python3 /home/alex/.vscode/extensions/ms-python.python-2021.12.1559732655/pythonFiles/lib/python/debugpy/launcher 45733 -- /home/alex/DEVELOPMENT/advent_of_code/aoc_2021/day18/experiments/exp_using_re.py 
['[[[0,[4,5]],[0,0]],[[[4,5],[2,6]],[9,5]]]', '[7,[[[3,7],[4,3]],[[6,3],[8,8]]]]', '[[2,[[0,8],[3,4]]],[[[6,7],1],[7,[1,6]]]]', '[[[[2,4],7],[6,[0,5]]],[[[6,8],[2,8]],[[2,1],[4,5]]]]', '[7,[5,[[3,8],[1,4]]]]', '[[2,[2,2]],[8,[8,1]]]', '[2,9]', '[1,[[[9,3],9],[[9,0],[0,7]]]]', '[[[5,[7,4]],7],1]', '[[[[4,2],2],6],[8,7]]']


process [[[[0,[4,5]],[0,0]],[[[4,5],[2,6]],[9,5]]],[7,[[[3,7],[4,3]],[[6,3],[8,8]]]]]
  exploding at pos 7 nums 4 5 pos 0 3
  new left: [[[[4,  new right: ],[5,0]],[[[4,5],[2,6]],[9,5]]],[7,[[[3,7],[4,3]],[[6,3],[8,8]]]]]
[[[[4,0],[5,0]],[[[4,5],[2,6]],[9,5]]],[7,[[[3,7],[4,3]],[[6,3],[8,8]]]]]

process [[[[4,0],[5,0]],[[[4,5],[2,6]],[9,5]]],[7,[[[3,7],[4,3]],[[6,3],[8,8]]]]]
  exploding at pos 19 nums 4 5 pos 0 3
  new left: [[[[4,0],[5,4]],[[  new right: ,[7,6]],[9,5]]],[7,[[[3,7],[4,3]],[[6,3],[8,8]]]]]
[[[[4,0],[5,4]],[[0,[7,6]],[9,5]]],[7,[[[3,7],[4,3]],[[6,3],[8,8]]]]]

process [[[[4,0],[5,4]],[[0,[7,6]],[9,5]]],[7,[[[3,7],[4,3]],[[6,3],[8,8]]]]]
  exploding at pos 21 nums 7 6 pos 0 3
  new left: [[[[4,0],[5,4]],[[7,  new right: ],[15,5]]],[7,[[[3,7],[4,3]],[[6,3],[8,8]]]]]
[[[[4,0],[5,4]],[[7,0],[15,5]]],[7,[[[3,7],[4,3]],[[6,3],[8,8]]]]]

process [[[[4,0],[5,4]],[[7,0],[15,5]]],[7,[[[3,7],[4,3]],[[6,3],[8,8]]]]]
  exploding at pos 38 nums 3 7 pos 0 3
  new left: [[[[4,0],[5,4]],[[7,0],[15,5]]],[10,[[  new right: ,[11,3]],[[6,3],[8,8]]]]]
[[[[4,0],[5,4]],[[7,0],[15,5]]],[10,[[0,[11,3]],[[6,3],[8,8]]]]]

process [[[[4,0],[5,4]],[[7,0],[15,5]]],[10,[[0,[11,3]],[[6,3],[8,8]]]]]
  exploding at pos 41 nums 11 3 pos 0 4
  new left: [[[[4,0],[5,4]],[[7,0],[15,5]]],[10,[[11,  new right: ],[[9,3],[8,8]]]]]
[[[[4,0],[5,4]],[[7,0],[15,5]]],[10,[[11,0],[[9,3],[8,8]]]]]

process [[[[4,0],[5,4]],[[7,0],[15,5]]],[10,[[11,0],[[9,3],[8,8]]]]]
  exploding at pos 46 nums 9 3 pos 0 3
  new left: [[[[4,0],[5,4]],[[7,0],[15,5]]],[10,[[11,9],[  new right: ,[11,8]]]]]
[[[[4,0],[5,4]],[[7,0],[15,5]]],[10,[[11,9],[0,[11,8]]]]]

process [[[[4,0],[5,4]],[[7,0],[15,5]]],[10,[[11,9],[0,[11,8]]]]]
  exploding at pos 48 nums 11 8 pos 0 4
  new left: [[[[4,0],[5,4]],[[7,0],[15,5]]],[10,[[11,9],[11,  new right: ]]]]
[[[[4,0],[5,4]],[[7,0],[15,5]]],[10,[[11,9],[11,0]]]]

process [[[[4,0],[5,4]],[[7,0],[15,5]]],[10,[[11,9],[11,0]]]]
  splitting 15
[[[[4,0],[5,4]],[[7,0],[[7,8],5]]],[10,[[11,9],[11,0]]]]

process [[[[4,0],[5,4]],[[7,0],[[7,8],5]]],[10,[[11,9],[11,0]]]]
  exploding at pos 25 nums 7 8 pos 0 3
  new left: [[[[4,0],[5,4]],[[7,7],[  new right: ,13]]],[10,[[11,9],[11,0]]]]
[[[[4,0],[5,4]],[[7,7],[0,13]]],[10,[[11,9],[11,0]]]]

process [[[[4,0],[5,4]],[[7,7],[0,13]]],[10,[[11,9],[11,0]]]]
  splitting 13
[[[[4,0],[5,4]],[[7,7],[0,[6,7]]]],[10,[[11,9],[11,0]]]]

process [[[[4,0],[5,4]],[[7,7],[0,[6,7]]]],[10,[[11,9],[11,0]]]]
  exploding at pos 27 nums 6 7 pos 0 3
  new left: [[[[4,0],[5,4]],[[7,7],[6,  new right: ]]],[17,[[11,9],[11,0]]]]
[[[[4,0],[5,4]],[[7,7],[6,0]]],[17,[[11,9],[11,0]]]]

process [[[[4,0],[5,4]],[[7,7],[6,0]]],[17,[[11,9],[11,0]]]]
  splitting 17
[[[[4,0],[5,4]],[[7,7],[6,0]]],[[8,9],[[11,9],[11,0]]]]

process [[[[4,0],[5,4]],[[7,7],[6,0]]],[[8,9],[[11,9],[11,0]]]]
  splitting 11
[[[[4,0],[5,4]],[[7,7],[6,0]]],[[8,9],[[[5,6],9],[11,0]]]]

process [[[[4,0],[5,4]],[[7,7],[6,0]]],[[8,9],[[[5,6],9],[11,0]]]]
  exploding at pos 41 nums 5 6 pos 0 3
  new left: [[[[4,0],[5,4]],[[7,7],[6,0]]],[[8,14],[[  new right: ,15],[11,0]]]]
[[[[4,0],[5,4]],[[7,7],[6,0]]],[[8,14],[[0,15],[11,0]]]]

process [[[[4,0],[5,4]],[[7,7],[6,0]]],[[8,14],[[0,15],[11,0]]]]
  splitting 14
[[[[4,0],[5,4]],[[7,7],[6,0]]],[[8,[7,7]],[[0,15],[11,0]]]]

process [[[[4,0],[5,4]],[[7,7],[6,0]]],[[8,[7,7]],[[0,15],[11,0]]]]
  splitting 15
[[[[4,0],[5,4]],[[7,7],[6,0]]],[[8,[7,7]],[[0,[7,8]],[11,0]]]]

process [[[[4,0],[5,4]],[[7,7],[6,0]]],[[8,[7,7]],[[0,[7,8]],[11,0]]]]
  exploding at pos 47 nums 7 8 pos 0 3
  new left: [[[[4,0],[5,4]],[[7,7],[6,0]]],[[8,[7,7]],[[7,  new right: ],[19,0]]]]
[[[[4,0],[5,4]],[[7,7],[6,0]]],[[8,[7,7]],[[7,0],[19,0]]]]

process [[[[4,0],[5,4]],[[7,7],[6,0]]],[[8,[7,7]],[[7,0],[19,0]]]]
  splitting 19
[[[[4,0],[5,4]],[[7,7],[6,0]]],[[8,[7,7]],[[7,0],[[9,10],0]]]]

process [[[[4,0],[5,4]],[[7,7],[6,0]]],[[8,[7,7]],[[7,0],[[9,10],0]]]]
  exploding at pos 51 nums 9 10 pos 0 4
  new left: [[[[4,0],[5,4]],[[7,7],[6,0]]],[[8,[7,7]],[[7,9],[  new right: ,10]]]]
[[[[4,0],[5,4]],[[7,7],[6,0]]],[[8,[7,7]],[[7,9],[0,10]]]]

process [[[[4,0],[5,4]],[[7,7],[6,0]]],[[8,[7,7]],[[7,9],[0,10]]]]
  splitting 10
[[[[4,0],[5,4]],[[7,7],[6,0]]],[[8,[7,7]],[[7,9],[0,[5,5]]]]]

process [[[[4,0],[5,4]],[[7,7],[6,0]]],[[8,[7,7]],[[7,9],[0,[5,5]]]]]
  exploding at pos 53 nums 5 5 pos 0 3
  new left: [[[[4,0],[5,4]],[[7,7],[6,0]]],[[8,[7,7]],[[7,9],[5,  new right: ]]]]
[[[[4,0],[5,4]],[[7,7],[6,0]]],[[8,[7,7]],[[7,9],[5,0]]]]

process [[[[4,0],[5,4]],[[7,7],[6,0]]],[[8,[7,7]],[[7,9],[5,0]]]]
False
breaking
 >>>> end 0   [[[[4,0],[5,4]],[[7,7],[6,0]]],[[8,[7,7]],[[7,9],[5,0]]]]

-----


process [[[[0,[4,5]],[0,0]],[[[4,5],[2,6]],[9,5]]],[7,[[[3,7],[4,3]],[[6,3],[8,8]]]]]
  exploding at pos 7 nums 4 5
  new left: [[[[4,  new right: ],[5,0]],[[[4,5],[2,6]],[9,5]]],[7,[[[3,7],[4,3]],[[6,3],[8,8]]]]] 
[[[[4,0],[5,0]],[[[4,5],[2,6]],[9,5]]],[7,[[[3,7],[4,3]],[[6,3],[8,8]]]]]

process [[[[4,0],[5,0]],[[[4,5],[2,6]],[9,5]]],[7,[[[3,7],[4,3]],[[6,3],[8,8]]]]]
  exploding at pos 19 nums 4 5
  new left: [[[[4,0],[5,4]],[[  new right: ,[7,6]],[9,5]]],[7,[[[3,7],[4,3]],[[6,3],[8,8]]]]]     
[[[[4,0],[5,4]],[[0,[7,6]],[9,5]]],[7,[[[3,7],[4,3]],[[6,3],[8,8]]]]]

process [[[[4,0],[5,4]],[[0,[7,6]],[9,5]]],[7,[[[3,7],[4,3]],[[6,3],[8,8]]]]]
  exploding at pos 21 nums 7 6
  new left: [[[[4,0],[5,4]],[[7,  new right: ],[15,5]]],[7,[[[3,7],[4,3]],[[6,3],[8,8]]]]]        
[[[[4,0],[5,4]],[[7,0],[15,5]]],[7,[[[3,7],[4,3]],[[6,3],[8,8]]]]]

process [[[[4,0],[5,4]],[[7,0],[15,5]]],[7,[[[3,7],[4,3]],[[6,3],[8,8]]]]]
  exploding at pos 38 nums 3 7
  new left: [[[[4,0],[5,4]],[[7,0],[15,5]]],[10,[[  new right: ,[11,3]],[[6,3],[8,8]]]]]
[[[[4,0],[5,4]],[[7,0],[15,5]]],[10,[[0,[11,3]],[[6,3],[8,8]]]]]

process [[[[4,0],[5,4]],[[7,0],[15,5]]],[10,[[0,[11,3]],[[6,3],[8,8]]]]]
  exploding at pos 41 nums 11 3
  new left: [[[[4,0],[5,4]],[[7,0],[15,5]]],[10,[[11  new right: ]],[[6,3],[8,8]]]]]
[[[[4,0],[5,4]],[[7,0],[15,5]]],[10,[[110]],[[6,3],[8,8]]]]]

process [[[[4,0],[5,4]],[[7,0],[15,5]]],[10,[[110]],[[6,3],[8,8]]]]]
  splitting 15
[[[[4,0],[5,4]],[[7,0],[[7,8],5]]],[10,[[110]],[[6,3],[8,8]]]]]

process [[[[4,0],[5,4]],[[7,0],[[7,8],5]]],[10,[[110]],[[6,3],[8,8]]]]]
  exploding at pos 25 nums 7 8
  new left: [[[[4,0],[5,4]],[[7,7],[  new right: ,13]]],[10,[[110]],[[6,3],[8,8]]]]]
[[[[4,0],[5,4]],[[7,7],[0,13]]],[10,[[110]],[[6,3],[8,8]]]]]

process [[[[4,0],[5,4]],[[7,7],[0,13]]],[10,[[110]],[[6,3],[8,8]]]]]
  splitting 13
[[[[4,0],[5,4]],[[7,7],[0,[6,7]]]],[10,[[110]],[[6,3],[8,8]]]]]

process [[[[4,0],[5,4]],[[7,7],[0,[6,7]]]],[10,[[110]],[[6,3],[8,8]]]]]
  exploding at pos 27 nums 6 7
  new left: [[[[4,0],[5,4]],[[7,7],[6,  new right: ]]],[17,[[110]],[[6,3],[8,8]]]]]
[[[[4,0],[5,4]],[[7,7],[6,0]]],[17,[[110]],[[6,3],[8,8]]]]]

process [[[[4,0],[5,4]],[[7,7],[6,0]]],[17,[[110]],[[6,3],[8,8]]]]]
  splitting 17
[[[[4,0],[5,4]],[[7,7],[6,0]]],[[8,9],[[110]],[[6,3],[8,8]]]]]

process [[[[4,0],[5,4]],[[7,7],[6,0]]],[[8,9],[[110]],[[6,3],[8,8]]]]]
  splitting 11
[[[[4,0],[5,4]],[[7,7],[6,0]]],[[8,9],[[[5,6]0]],[[6,3],[8,8]]]]]

process [[[[4,0],[5,4]],[[7,7],[6,0]]],[[8,9],[[[5,6]0]],[[6,3],[8,8]]]]]
  exploding at pos 41 nums 5 6
  new left: [[[[4,0],[5,4]],[[7,7],[6,0]]],[[8,14],[[  new right: 6]],[[6,3],[8,8]]]]]
[[[[4,0],[5,4]],[[7,7],[6,0]]],[[8,14],[[06]],[[6,3],[8,8]]]]]

process [[[[4,0],[5,4]],[[7,7],[6,0]]],[[8,14],[[06]],[[6,3],[8,8]]]]]
  splitting 14
[[[[4,0],[5,4]],[[7,7],[6,0]]],[[8,[7,7]],[[06]],[[6,3],[8,8]]]]]

process [[[[4,0],[5,4]],[[7,7],[6,0]]],[[8,[7,7]],[[06]],[[6,3],[8,8]]]]]
  splitting 06
[[[[4,0],[5,4]],[[7,7],[6,0]]],[[8,[7,7]],[[[3,3]]],[[6,3],[8,8]]]]]

process [[[[4,0],[5,4]],[[7,7],[6,0]]],[[8,[7,7]],[[[3,3]]],[[6,3],[8,8]]]]]
  exploding at pos 45 nums 3 3
  new left: [[[[4,0],[5,4]],[[7,7],[6,0]]],[[8,[7,10]],[[  new right: ]],[[9,3],[8,8]]]]]
[[[[4,0],[5,4]],[[7,7],[6,0]]],[[8,[7,10]],[[0]],[[9,3],[8,8]]]]]

process [[[[4,0],[5,4]],[[7,7],[6,0]]],[[8,[7,10]],[[0]],[[9,3],[8,8]]]]]
  splitting 10
[[[[4,0],[5,4]],[[7,7],[6,0]]],[[8,[7,[5,5]]],[[0]],[[9,3],[8,8]]]]]

process [[[[4,0],[5,4]],[[7,7],[6,0]]],[[8,[7,[5,5]]],[[0]],[[9,3],[8,8]]]]]
  exploding at pos 39 nums 5 5
  new left: [[[[4,0],[5,4]],[[7,7],[6,0]]],[[8,[12,  new right: ]],[[5]],[[9,3],[8,8]]]]]
[[[[4,0],[5,4]],[[7,7],[6,0]]],[[8,[12,0]],[[5]],[[9,3],[8,8]]]]]

process [[[[4,0],[5,4]],[[7,7],[6,0]]],[[8,[12,0]],[[5]],[[9,3],[8,8]]]]]
  splitting 12
[[[[4,0],[5,4]],[[7,7],[6,0]]],[[8,[[6,6],0]],[[5]],[[9,3],[8,8]]]]]

process [[[[4,0],[5,4]],[[7,7],[6,0]]],[[8,[[6,6],0]],[[5]],[[9,3],[8,8]]]]]
  exploding at pos 37 nums 6 6
  new left: [[[[4,0],[5,4]],[[7,7],[6,0]]],[[14,[  new right: ,6]],[[5]],[[9,3],[8,8]]]]]
[[[[4,0],[5,4]],[[7,7],[6,0]]],[[14,[0,6]],[[5]],[[9,3],[8,8]]]]]

process [[[[4,0],[5,4]],[[7,7],[6,0]]],[[14,[0,6]],[[5]],[[9,3],[8,8]]]]]
  splitting 14
[[[[4,0],[5,4]],[[7,7],[6,0]]],[[[7,7],[0,6]],[[5]],[[9,3],[8,8]]]]]
 >>>> end 0   [[[[4,0],[5,4]],[[7,7],[6,0]]],[[[7,7],[0,6]],[[5]],[[9,3],[8,8]]]]]

 
-----


process [[[[0,[4,5]],[0,0]],[[[4,5],[2,6]],[9,5]]],[7,[[[3,7],[4,3]],[[6,3],[8,8]]]]]
  exploding at pos 7 nums 4 5
  new left: [[[[4,  new right: ],[5,0]],[[[4,5],[2,6]],[9,5]]],[7,[[[3,7],[4,3]],[[6,3],[8,8]]]]] 
[[[[4,0],[5,0]],[[[4,5],[2,6]],[9,5]]],[7,[[[3,7],[4,3]],[[6,3],[8,8]]]]]

process [[[[4,0],[5,0]],[[[4,5],[2,6]],[9,5]]],[7,[[[3,7],[4,3]],[[6,3],[8,8]]]]]
  exploding at pos 19 nums 4 5
  new left: [[[[4,0],[5,4]],[[  new right: ,[7,6]],[9,5]]],[7,[[[3,7],[4,3]],[[6,3],[8,8]]]]]     
[[[[4,0],[5,4]],[[0,[7,6]],[9,5]]],[7,[[[3,7],[4,3]],[[6,3],[8,8]]]]]

process [[[[4,0],[5,4]],[[0,[7,6]],[9,5]]],[7,[[[3,7],[4,3]],[[6,3],[8,8]]]]]
  exploding at pos 21 nums 7 6
  new left: [[[[4,0],[5,4]],[[7,  new right: ],[15,5]]],[7,[[[3,7],[4,3]],[[6,3],[8,8]]]]]        
[[[[4,0],[5,4]],[[7,0],[15,5]]],[7,[[[3,7],[4,3]],[[6,3],[8,8]]]]]

process [[[[4,0],[5,4]],[[7,0],[15,5]]],[7,[[[3,7],[4,3]],[[6,3],[8,8]]]]]
  exploding at pos 38 nums 3 7
  new left: [[[[4,0],[5,4]],[[7,0],[15,5]]],[10,[[  new right: ,[11,3]],[[6,3],[8,8]]]]]
[[[[4,0],[5,4]],[[7,0],[15,5]]],[10,[[0,[11,3]],[[6,3],[8,8]]]]]

process [[[[4,0],[5,4]],[[7,0],[15,5]]],[10,[[0,[11,3]],[[6,3],[8,8]]]]]
  exploding at pos 41 nums 11 3
  new left: [[[[4,0],[5,4]],[[7,0],[15,5]]],[10,[[11,  new right: ]],[[6,3],[8,8]]]]]
[[[[4,0],[5,4]],[[7,0],[15,5]]],[10,[[11,0]],[[6,3],[8,8]]]]]

process [[[[4,0],[5,4]],[[7,0],[15,5]]],[10,[[11,0]],[[6,3],[8,8]]]]]
  splitting 15
[[[[4,0],[5,4]],[[7,0],[[7,8],5]]],[10,[[11,0]],[[6,3],[8,8]]]]]

process [[[[4,0],[5,4]],[[7,0],[[7,8],5]]],[10,[[11,0]],[[6,3],[8,8]]]]]
  exploding at pos 25 nums 7 8
  new left: [[[[4,0],[5,4]],[[7,7],[  new right: ,13]]],[10,[[11,0]],[[6,3],[8,8]]]]]
[[[[4,0],[5,4]],[[7,7],[0,13]]],[10,[[11,0]],[[6,3],[8,8]]]]]

process [[[[4,0],[5,4]],[[7,7],[0,13]]],[10,[[11,0]],[[6,3],[8,8]]]]]
  splitting 13
[[[[4,0],[5,4]],[[7,7],[0,[6,7]]]],[10,[[11,0]],[[6,3],[8,8]]]]]

process [[[[4,0],[5,4]],[[7,7],[0,[6,7]]]],[10,[[11,0]],[[6,3],[8,8]]]]]
  exploding at pos 27 nums 6 7
  new left: [[[[4,0],[5,4]],[[7,7],[6,  new right: ]]],[17,[[11,0]],[[6,3],[8,8]]]]]
[[[[4,0],[5,4]],[[7,7],[6,0]]],[17,[[11,0]],[[6,3],[8,8]]]]]

process [[[[4,0],[5,4]],[[7,7],[6,0]]],[17,[[11,0]],[[6,3],[8,8]]]]]
  splitting 17
[[[[4,0],[5,4]],[[7,7],[6,0]]],[[8,9],[[11,0]],[[6,3],[8,8]]]]]

process [[[[4,0],[5,4]],[[7,7],[6,0]]],[[8,9],[[11,0]],[[6,3],[8,8]]]]]
  splitting 11
[[[[4,0],[5,4]],[[7,7],[6,0]]],[[8,9],[[[5,6],0]],[[6,3],[8,8]]]]]

process [[[[4,0],[5,4]],[[7,7],[6,0]]],[[8,9],[[[5,6],0]],[[6,3],[8,8]]]]]
  exploding at pos 41 nums 5 6
  new left: [[[[4,0],[5,4]],[[7,7],[6,0]]],[[8,14],[[  new right: ,6]],[[6,3],[8,8]]]]]
[[[[4,0],[5,4]],[[7,7],[6,0]]],[[8,14],[[0,6]],[[6,3],[8,8]]]]]

process [[[[4,0],[5,4]],[[7,7],[6,0]]],[[8,14],[[0,6]],[[6,3],[8,8]]]]]
  splitting 14
[[[[4,0],[5,4]],[[7,7],[6,0]]],[[8,[7,7]],[[0,6]],[[6,3],[8,8]]]]]

process [[[[4,0],[5,4]],[[7,7],[6,0]]],[[8,[7,7]],[[0,6]],[[6,3],[8,8]]]]]
False
breaking
 >>>> end 0   [[[[4,0],[5,4]],[[7,7],[6,0]]],[[8,[7,7]],[[0,6]],[[6,3],[8,8]]]]]




















----
process [[[[0,[4,5]],[0,0]],[[[4,5],[2,6]],[9,5]]],[7,[[[3,7],[4,3]],[[6,3],[8,8]]]]]

  exploding at pos 7 nums 4 5
  new left: [[[[4,  new right: ],[5,0]],[[[4,5],[2,6]],[9,5]]],[7,[[[3,7],[4,3]],[[6,3],[8,8]]]]] 
[[[[4,0],[5,0]],[[[4,5],[2,6]],[9,5]]],[7,[[[3,7],[4,3]],[[6,3],[8,8]]]]]

process [[[[4,0],[5,0]],[[[4,5],[2,6]],[9,5]]],[7,[[[3,7],[4,3]],[[6,3],[8,8]]]]]

  exploding at pos 19 nums 4 5
  new left: [[[[4,0],[5,4]],[[  new right: ,[7,6]],[9,5]]],[7,[[[3,7],[4,3]],[[6,3],[8,8]]]]]     
[[[[4,0],[5,4]],[[0,[7,6]],[9,5]]],[7,[[[3,7],[4,3]],[[6,3],[8,8]]]]]

process [[[[4,0],[5,4]],[[0,[7,6]],[9,5]]],[7,[[[3,7],[4,3]],[[6,3],[8,8]]]]]

  exploding at pos 21 nums 7 6
  new left: [[[[4,0],[5,4]],[[7,  new right: ],[15,5]]],[7,[[[3,7],[4,3]],[[6,3],[8,8]]]]]        
[[[[4,0],[5,4]],[[7,0],[15,5]]],[7,[[[3,7],[4,3]],[[6,3],[8,8]]]]]

process [[[[4,0],[5,4]],[[7,0],[15,5]]],[7,[[[3,7],[4,3]],[[6,3],[8,8]]]]]

  exploding at pos 38 nums 3 7
  new left: [[[[4,0],[5,4]],[[7,0],[15,5]]],[10,[[  new right: ,[11,3]],[[6,3],[8,8]]]]]
[[[[4,0],[5,4]],[[7,0],[15,5]]],[10,[[0,[11,3]],[[6,3],[8,8]]]]]

process [[[[4,0],[5,4]],[[7,0],[15,5]]],[10,[[0,[11,3]],[[6,3],[8,8]]]]]

  exploding at pos 41 nums 11 3
  new left: [[[[4,0],[5,4]],[[7,0],[15,5]]],[10,[[11,  new right: ]],[[6,3],[8,8]]]]]
[[[[4,0],[5,4]],[[7,0],[15,5]]],[10,[[11,0]],[[6,3],[8,8]]]]]

process [[[[4,0],[5,4]],[[7,0],[15,5]]],[10,[[11,0]],[[6,3],[8,8]]]]]
  splitting 15
[[[[4,0],[5,4]],[[7,0],[[7,8],5]]],[10,[[11,0]],[[6,3],[8,8]]]]]

process [[[[4,0],[5,4]],[[7,0],[[7,8],5]]],[10,[[11,0]],[[6,3],[8,8]]]]]

  exploding at pos 25 nums 7 8
  new left: [[[[4,0],[5,4]],[[7,7],[  new right: ,13]]],[10,[[11,0]],[[6,3],[8,8]]]]]
[[[[4,0],[5,4]],[[7,7],[0,13]]],[10,[[11,0]],[[6,3],[8,8]]]]]

process [[[[4,0],[5,4]],[[7,7],[0,13]]],[10,[[11,0]],[[6,3],[8,8]]]]]
  splitting 13
[[[[4,0],[5,4]],[[7,7],[0,[6,7]]]],[10,[[11,0]],[[6,3],[8,8]]]]]

process [[[[4,0],[5,4]],[[7,7],[0,[6,7]]]],[10,[[11,0]],[[6,3],[8,8]]]]]

  exploding at pos 27 nums 6 7
  new left: [[[[4,0],[5,4]],[[7,7],[6,  new right: ]]],[17,[[11,0]],[[6,3],[8,8]]]]]
[[[[4,0],[5,4]],[[7,7],[6,0]]],[17,[[11,0]],[[6,3],[8,8]]]]]

process [[[[4,0],[5,4]],[[7,7],[6,0]]],[17,[[11,0]],[[6,3],[8,8]]]]]
  splitting 17
[[[[4,0],[5,4]],[[7,7],[6,0]]],[[8,9],[[11,0]],[[6,3],[8,8]]]]]

process [[[[4,0],[5,4]],[[7,7],[6,0]]],[[8,9],[[11,0]],[[6,3],[8,8]]]]]
  splitting 11
[[[[4,0],[5,4]],[[7,7],[6,0]]],[[8,9],[[[5,6],0]],[[6,3],[8,8]]]]]

process [[[[4,0],[5,4]],[[7,7],[6,0]]],[[8,9],[[[5,6],0]],[[6,3],[8,8]]]]]

  exploding at pos 41 nums 5 6
  new left: [[[[4,0],[5,4]],[[7,7],[6,0]]],[[8,14],[[  new right: ,6]],[[6,3],[8,8]]]]]
[[[[4,0],[5,4]],[[7,7],[6,0]]],[[8,14],[[0,6]],[[6,3],[8,8]]]]]

process [[[[4,0],[5,4]],[[7,7],[6,0]]],[[8,14],[[0,6]],[[6,3],[8,8]]]]]
  splitting 14
[[[[4,0],[5,4]],[[7,7],[6,0]]],[[8,[7,7]],[[0,6]],[[6,3],[8,8]]]]]

process [[[[4,0],[5,4]],[[7,7],[6,0]]],[[8,[7,7]],[[0,6]],[[6,3],[8,8]]]]]
False
breaking
 >>>> end 0   [[[[4,0],[5,4]],[[7,7],[6,0]]],[[8,[7,7]],[[0,6]],[[6,3],[8,8]]]]]

















----
exploding at pos 7 nums 4 5
[[[[0,[4,5]],[0,0]],[[[4,5],[2,6]],[9,5]]],[7,[[[3,7],[4,3]],[[6,3],[8,8]]]]]

exploding at pos 19 nums 4 5
[[[[4,0],[5,0]],[[[4,5],[2,6]],[9,5]]],[7,[[[3,7],[4,3]],[[6,3],[8,8]]]]]

exploding at pos 21 nums 7 6
[[[[4,0],[5,4]],[[0,[7,6]],[9,5]]],[7,[[[3,7],[4,3]],[[6,3],[8,8]]]]]

exploding at pos 38 nums 3 7
[[[[4,0],[5,4]],[[7,0],[15,5]]],[7,[[[3,7],[4,3]],[[6,3],[8,8]]]]]

exploding at pos 41 nums 11 3
[[[[4,0],[5,4]],[[7,0],[15,5]]],[10,[[0,[11,3]],[[6,3],[8,8]]]]]

splitting 15
[[[[4,0],[5,4]],[[7,0],[15,5]]],[10,[[11,0]],[[6,3],[8,8]]]]]

[[[[4,0],[5,4]],[[7,0],[[7,8],5]]],[10,[[11,0]],[[6,3],[8,8]]]]]
[[[[4,0],[5,4]],[[7,7],[0,13]]],[10,[[11,0]],[[6,3],[8,8]]]]]
[[[[4,0],[5,4]],[[7,7],[0,[6,7]]]],[10,[[11,0]],[[6,3],[8,8]]]]]
[[[[4,0],[5,4]],[[7,7],[6,0]]],[17,[[11,0]],[[6,3],[8,8]]]]]
[[[[4,0],[5,4]],[[7,7],[6,0]]],[[8,9],[[11,0]],[[6,3],[8,8]]]]]
[[[[4,0],[5,4]],[[7,7],[6,0]]],[[8,9],[[[5,6],0]],[[6,3],[8,8]]]]]
[[[[4,0],[5,4]],[[7,7],[6,0]]],[[8,14],[[0,6]],[[6,3],[8,8]]]]]
[[[[4,0],[5,4]],[[7,7],[6,0]]],[[8,[7,7]],[[0,6]],[[6,3],[8,8]]]]]


process [[[[4,0],[5,4]],[[7,7],[6,0]]],[[8,[7,7]],[[0,6]],[[6,3],[8,8]]]]]
False
breaking
 >>>> end 0   [[[[4,0],[5,4]],[[7,7],[6,0]]],[[8,[7,7]],[[0,6]],[[6,3],[8,8]]]]]

