aim?
104
4965
Pt1: 5155
Pt1: 5301
Pt1: 5534
Pt2: 19492




512
[[0 0 0 ... 0 0 0]
 [0 0 0 ... 0 0 0]
 [0 0 1 ... 0 0 0]
 ...
 [0 0 0 ... 0 0 0]
 [0 0 0 ... 0 0 0]
 [0 0 0 ... 0 0 0]]
104
<class 'numpy.ndarray'>
4965
4965
[[0 0 0 ... 0 0 0]
 [0 0 0 ... 0 0 0]
 [0 0 1 ... 0 0 0]
 ...
 [0 0 0 ... 0 0 0]
 [0 0 0 ... 0 0 0]
 [0 0 0 ... 0 0 0]]
sum next at end 5155 len 104
sum data.copy at end 5155 len 104
sum data.pad at end 5155 len 108
5155
[[0 0 0 ... 0 0 0]
 [0 0 0 ... 0 0 0]
 [0 0 0 ... 0 0 0]
 ...
 [0 0 0 ... 0 0 0]
 [0 0 0 ... 0 0 0]
 [0 0 0 ... 0 0 0]]
sum next at end 5782 len 108
sum data.copy at end 5782 len 108
sum data.pad at end 5782 len 112
--------------------------------------------------
[[0 0 0 ... 0 0 0]
 [0 0 0 ... 0 0 0]
 [0 0 0 ... 0 0 0]
 ...
 [0 0 0 ... 0 0 0]
 [0 0 0 ... 0 0 0]
 [0 0 0 ... 0 0 0]]
5782